Sub Category	Month (Real)	Sum of Sell In GIV	Sum of Sell In MSU	Sum of Sell In NOS	Sum of Sell Out MSU	Sum of Sell Out MBRL	Sum of Inventário	Sum of TFI M	Sum of LR M	PAGAMENTOS	SALDO	ROI
BABY CARE - SUPERSEC	2025M07				0	71	2,16	0	0	0	0	0
BABY CARE - SUPERSEC	2025M08	1997	12,28	1368	0	41	13,02	100	319	978	-559	0
BABY CARE - SUPERSEC	2025M09	1455	9,01	967	1	171	20,21	73	233	0	306	0
BABY CARE - SUPERSEC	2025M10	1302	8,57	693	2	364	25,9	18	208	417	-191	1
BABY CARE - SUPERSEC	2025M11	1031	7,83	787	6	1240	27,29	62	165	28	199	45
BABY CARE - SUPERSEC	2025M12	688	4,57	351	7	1427	24,74	71	110	0	181	0
BABY CARE - SUPERSEC	2026M01	664	4,37	333	5	1051	24,11	32	106	144	-6	7
BABY CARE - SUPERSEC	2026M02	917	6,02	690	6	1250	23,43	37	147	423	-239	3
BABY CARE - SUPERSEC	2026M03	1659	11,01	1130	14	2604	20,72	78	266	153	191	17
BABY CARE - SUPERSEC	2026M04	1013	6,79	698	8	1722	19,08	52	162	580	-366	3
BABY CARE - SUPERSEC	2026M05	2935	19,69	1845	7	1458	31,41	44	470	17	497	87
BABY CARE - SUPERSEC	2026M06	672	4,34	307	9	1757	26,78	53	107	0	160	0
BABY WIPES	2025M07	1129	10,11	654	8	1231	45,37	112	128	269	-29	5
BABY WIPES	2025M08	2434	19,85	1644	13	1639	52,59	243	389	996	-364	2
BABY WIPES	2025M09	1178	9	798	17	1985	45,11	177	189	541	-176	4
BABY WIPES	2025M10	4594	38,58	3327	14	1790	69,84	251	735	849	137	2
BABY WIPES	2025M11	4414	32,73	3372	38	3837	64,59	537	706	1298	-55	3
BABY WIPES	2025M12	549	3,99	286	13	1658	55,62	232	88	268	52	6
BABY WIPES	2026M01	816	6,85	188	17	1693	44,5	237	131	212	156	8
BABY WIPES	2026M02	4128	34,78	3119	29	2390	44,81	335	661	1697	-702	1
BABY WIPES	2026M03	1900	15,29	1288	15	1628	59,87	228	304	26	506	62
BABY WIPES	2026M04	1832	15,46	1187	13	1861	63,84	130	293	163	261	11
BABY WIPES	2026M05	119	1	82	12	1766	51,59	124	19	65	78	27
BABY WIPES	2026M06	17	0,15	25	8	1182	40,18	83	3	0	85	0
CONFORT SEC	2025M07	725	4,2	419	6	1342	16,51	72	82	252	-97	5
CONFORT SEC	2025M08	1337	7,06	899	6	1425	15,89	134	214	968	-621	1
CONFORT SEC	2025M09	1919	9,88	1280	6	1314	21,48	192	307	0	499	0
CONFORT SEC	2025M10	1128	5,68	655	6	1247	21,38	112	180	534	-241	2
CONFORT SEC	2025M11	1791	8,16	1368	7	1509	22,38	136	287	190	232	8
CONFORT SEC	2025M12	301	1,61	138	6	1181	18,18	106	48	145	10	8
CONFORT SEC	2026M01	1600	8,52	934	2	452	21,01	41	256	263	34	2
CONFORT SEC	2026M02	1606	7,95	1215	8	1496	19,68	135	257	495	-103	3
CONFORT SEC	2026M03	802	4,23	498	5	1202	21,69	108	128	4	233	336
CONFORT SEC	2026M04	1198	6,31	915	4	968	23,45	68	192	206	54	5
CONFORT SEC	2026M05	741	4,12	476	5	1169	23,51	82	119	114	87	10
CONFORT SEC	2026M06	518	2,54	252	4	941	21,41	66	83	0	149	0
NEW BABY	2025M07	83	0,52	48	1	228	2,13	0	9	0	9	0
NEW BABY	2025M08	133	0,78	84	1	210	2,22	0	21	0	21	0
NEW BABY	2025M09	203	1,19	143	1	174	2,74	0	33	0	33	0
NEW BABY	2025M10	120	0,7	72	1	158	2,89	0	19	0	19	0
NEW BABY	2025M11	256	1,5	196	1	219	3,57	0	41	0	41	0
NEW BABY	2025M12	142	0,83	42	1	220	3,58	0	23	0	23	0
NEW BABY	2026M01	226	1,32	145	1	181	3,38	0	36	0	36	0
NEW BABY	2026M02	111	0,65	84	1	220	3,08	0	18	0	18	0
NEW BABY	2026M03	240	1,41	165	1	287	3,85	0	38	0	38	0
NEW BABY	2026M04	0	0	6	1	239	3,16	0	0	0	0	0
NEW BABY	2026M05	85	0,5	55	1	260	2,61	0	14	0	14	0
NEW BABY	2026M06	285	1,67	137	1	222	3,45	0	46	0	46	0
PANTS AT	2025M07	1069	4,71	618	7	1940	15,8	107	121	124	105	16
PANTS AT	2025M08				5	1381	11,57	0	0	1	-1	1278
PANTS AT	2025M09	1408	5,59	747	6	1411	5,63	211	225	936	-500	2
PANTS AT	2025M10	7266	30,26	5450	2	489	30,38	69	1163	1363	-131	0
PANTS AT	2025M11	9500	41,36	7257	27	5479	44,81	767	1520	1684	603	3
PANTS AT	2025M12	1174	4,92	599	10	2587	39,87	362	188	538	12	5
PANTS AT	2026M01	3315	14,26	1465	6	1817	50,55	254	530	642	143	3
PANTS AT	2026M02	6136	26,87	4523	19	4542	58,29	636	982	1655	-37	3
PANTS AT	2026M03	2982	12,67	2253	12	3214	61,34	450	477	141	786	23
PANTS AT	2026M04	753	3,38	536	8	2346	58,51	211	120	297	34	8
PANTS AT	2026M05	2	0,01	-18	10	2954	48,13	266	0	386	-120	8
PANTS AT	2026M06	432	2,01	253	9	2567	39,99	231	69	0	300	0
PANTS OTHERS	2025M07				0	0	0	0		0	0	0
PANTS OTHERS	2025M08				0	0	0	0		0	0	0
PANTS OTHERS	2025M09				0	0	0	0		0	0	0
PANTS OTHERS	2025M10				0	0	0	0		0	0	0
PANTS OTHERS	2026M01						0	0		0	0	0
PANTS OTHERS	2026M02				0	0	0	0		0	0	0
PANTS OTHERS	2026M03						0	0		0	0	0
PANTS OTHERS	2026M04						0	0		0	0	0
PANTS OTHERS	2026M05						0	0		0	0	0
PANTS OTHERS	2026M06						0	0		0	0	0
PREMIUM CARE	2025M07	66	0,27	38	1	456	8,01	3	7	6	5	74
PREMIUM CARE	2025M08	249	1,04	169	1	467	7,47	12	40	67	-15	7
PREMIUM CARE	2025M09	548	2,36	364	1	468	8,83	82	88	0	170	0
PREMIUM CARE	2025M10	1805	8,41	1282	1	431	16,01	60	289	89	261	5
PREMIUM CARE	2025M11	1271	5,46	971	6	1316	15,72	184	203	408	-20	3
PREMIUM CARE	2025M12	354	1,42	163	2	585	15,24	82	57	0	139	0
PREMIUM CARE	2026M01	343	1,62	128	1	479	12,91	67	55	19	103	26
PREMIUM CARE	2026M02	744	3,17	550	3	807	11,79	113	119	316	-84	3
PREMIUM CARE	2026M03	787	3,32	511	2	666	14,64	93	126	40	179	17
PREMIUM CARE	2026M04	519	1,92	390	1	468	15,45	14	83	7	90	69
PREMIUM CARE	2026M05	-76	-0,32	-49	1	500	13,97	0	-12	32	-44	16
PREMIUM CARE	2026M06	119	0,42	70	1	451	12,38	14	19	0	33	0
