Mês	MG5	data	Subcategoria	Dias com dados no mês	Sell-out unid. mês	Sell-out R$ mês	Dias em promoção	Unid. em dias de promo	R$ em dias de promo	Pagamento do mês (R$)	Dias-base (sem promo)	Unid. em dias-base	R$ em dias-base	Unid./dia base do mês	Unid./dia em promo	Incremental unid. (baseline ex-Nov)	Incremental R$ (baseline ex-Nov)	Incremental unid./dia	Status	Dias com dados sell-in no mês	Sell-in Qtd IT mês	Sell-in Volume SU mês	Sell-in R$ mês	Dias em promoção sell-in	Qtd IT em dias de promo	Volume SU em dias de promo	R$ em dias de promo	Pagamento sell-in alocado (R$)	Dias-base sell-in (sem promo)	Qtd IT em dias-base	Volume SU em dias-base	R$ em dias-base	Qtd IT/dia base	Qtd IT/dia em promo	Incremental Qtd IT (baseline ex-Nov)	Incremental R$ (baseline ex-Nov)	Incremental Qtd IT/dia	Status sell-in	Início da atividade sell-in	Fim da atividade sell-in
2025M07	20	2025-07	BABY WIPES	31	14247	208564,26	4	2954	37243,73	10577,88	27	11293	171320,53	418,2592593	738,5	-4439,946667	-12150,62027	-1109,986667	Incremental negativo	8	9.360,00	641,94	R$ 96.926,86	8	9.360,00	641,94	R$ 96.926,86	R$ 7.571,20	0	0,00	0,00	R$ 0,00		1.170,00	-1.200,00	-R$ 15.932,02	-150,00	Incremental negativo	01/07/2025	31/07/2025
2025M07	21	2025-07	BABY WIPES	31	26652	1005063,5	4	13985	440676,85	157944,88	27	12667	564386,65	469,1481481	3496,25	10447,08333	311170,1893	2611,770833	Incremental positivo	9	34.383,00	9.432,40	R$ 1.081.115,49	9	34.383,00	9.432,40	R$ 1.081.115,49	R$ 92.716,09	0	0,00	0,00	R$ 0,00		3.820,33	-3.687,00	-R$ 160.650,42	-409,67	Incremental negativo	01/07/2025	31/07/2025
2025M07	473	2025-07	BABY CARE - SUPERSEC	31	0	0	0	0	0	0	31	0	0	0					Sem promoção	0	0,00	0,00	R$ 0,00	0	0,00	0,00	R$ 0,00	R$ 0,00	0	0,00	0,00	R$ 0,00						Sem promoção sell-in		
2025M07	729	2025-07	CONFORT SEC	31	22882	1341719,93	5	11207	561366,25	148090,42	26	11675	780353,68	449,0384615	2241,4	8295,320463	395518,7166	1659,064093	Incremental positivo	10	15.830,00	4.195,99	R$ 772.991,52	10	15.830,00	4.195,99	R$ 772.991,52	R$ 103.811,52	0	0,00	0,00	R$ 0,00		1.583,00	13.490,00	R$ 648.613,52	1.349,00	Incremental positivo	01/07/2025	31/07/2025
2025M07	760	2025-07	PANTS AT	31	0	0	0	0	0	0	31	0	0	0					Sem promoção	0	0,00	0,00	R$ 0,00	0	0,00	0,00	R$ 0,00	R$ 0,00	0	0,00	0,00	R$ 0,00						Sem promoção sell-in		
2025M07	868	2025-07	PREMIUM CARE	31	6595	455511,54	0	0	0	0	31	6595	455511,54	212,7419355					Sem promoção	8	1.380,00	268,12	R$ 70.521,40	8	1.380,00	268,12	R$ 70.521,40	R$ 6.125,62	0	0,00	0,00	R$ 0,00		172,50	-1.308,00	-R$ 69.397,32	-163,50	Incremental negativo	01/07/2025	31/07/2025
2025M07	873	2025-07	NEW BABY	31	4475	227811,25	0	0	0	0	31	4475	227811,25	144,3548387					Sem promoção	5	2.604,00	520,80	R$ 104.873,96	0	0,00	0,00	R$ 0,00	R$ 0,00	5	2.604,00	520,80	R$ 104.873,96	520,80					Sem promoção sell-in		
2025M07	876	2025-07	BABY CARE - SUPERSEC	31	2526	69139,86	0	0	0	0	31	2526	69139,86	81,48387097					Sem promoção	0	0,00	0,00	R$ 0,00	0	0,00	0,00	R$ 0,00	R$ 0,00	0	0,00	0,00	R$ 0,00						Sem promoção sell-in		
2025M07	935	2025-07	PANTS AT	31	37042	1939996,88	0	0	0	0	31	37042	1939996,88	1194,903226					Sem promoção	12	23.122,00	4.714,04	R$ 1.174.513,22	12	23.122,00	4.714,04	R$ 1.174.513,22	R$ 123.589,81	0	0,00	0,00	R$ 0,00		1.926,83	23.122,00	R$ 1.174.513,22	1.926,83	Incremental positivo	01/07/2025	31/07/2025
2025M08	20	2025-08	BABY WIPES	31	16072	211332,87	5	6095	60963,61	23161	26	9977	150369,26	383,7307692	1219	-3147,433333	-779,3278333	-629,4866667	Incremental negativo	7	30.024,00	2.059,15	R$ 329.435,50	7	30.024,00	2.059,15	R$ 329.435,50	R$ 83.694,14	0	0,00	0,00	R$ 0,00		4.289,14	20.784,00	R$ 230.683,98	2.969,14	Incremental positivo	05/08/2025	30/09/2025
2025M08	21	2025-08	BABY WIPES	31	41494	1415041,34	5	29025	868770,49	338745,09	26	12469	546270,85	479,5769231	5805	24602,60417	706887,1642	4920,520833	Incremental positivo	7	64.842,00	17.788,32	R$ 2.127.068,02	7	64.842,00	17.788,32	R$ 2.127.068,02	R$ 216.886,61	0	0,00	0,00	R$ 0,00		9.263,14	35.232,00	R$ 1.161.250,09	5.033,14	Incremental positivo	05/08/2025	30/09/2025
2025M08	473	2025-08	BABY CARE - SUPERSEC	31	1	52,99	0	0	0	0	31	1	52,99	0,032258065					Sem promoção	5	65.224,00	12.283,17	R$ 2.009.225,57	5	65.224,00	12.283,17	R$ 2.009.225,57	R$ 463.417,83	0	0,00	0,00	R$ 0,00		13.044,80	62.604,00	R$ 1.929.959,30	12.520,80	Incremental positivo	05/08/2025	30/09/2025
2025M08	729	2025-08	CONFORT SEC	31	26209	1425182,17	5	14503	655451,4	234240,19	26	11706	769730,77	450,2307692	2900,6	11591,32046	489603,8666	2318,264093	Incremental positivo	5	28.623,00	7.055,50	R$ 1.462.494,58	5	28.623,00	7.055,50	R$ 1.462.494,58	R$ 347.627,75	0	0,00	0,00	R$ 0,00		5.724,60	27.453,00	R$ 1.400.305,58	5.490,60	Incremental positivo	05/08/2025	30/09/2025
2025M08	760	2025-08	PANTS AT	31	0	0	0	0	0	0	31	0	0	0					Sem promoção	0	0,00	0,00	R$ 0,00	0	0,00	0,00	R$ 0,00	R$ 0,00	0	0,00	0,00	R$ 0,00						Sem promoção sell-in		
2025M08	868	2025-08	PREMIUM CARE	31	6733	467261,6	0	0	0	0	31	6733	467261,6	217,1935484					Sem promoção	3	5.680,00	1.037,29	R$ 305.123,59	3	5.680,00	1.037,29	R$ 305.123,59	R$ 31.630,02	0	0,00	0,00	R$ 0,00		1.893,33	4.672,00	R$ 252.654,07	1.557,33	Incremental positivo	05/08/2025	30/09/2025
2025M08	873	2025-08	NEW BABY	31	4046	210014,67	0	0	0	0	31	4046	210014,67	130,516129					Sem promoção	4	3.884,00	776,80	R$ 167.589,65	0	0,00	0,00	R$ 0,00	R$ 0,00	4	3.884,00	776,80	R$ 167.589,65	971,00					Sem promoção sell-in		
2025M08	876	2025-08	BABY CARE - SUPERSEC	31	1270	40039,06	0	0	0	0	31	1270	40039,06	40,96774194					Sem promoção	0	0,00	0,00	R$ 0,00	0	0,00	0,00	R$ 0,00	R$ 0,00	0	0,00	0,00	R$ 0,00						Sem promoção sell-in		
2025M08	935	2025-08	PANTS AT	31	25117	1381302,81	0	0	0	0	31	25117	1381302,81	810,2258065					Sem promoção	0	0,00	0,00	R$ 0,00	0	0,00	0,00	R$ 0,00	R$ 511,72	0	0,00	0,00	R$ 0,00						Com promoção, sem sell-in	05/08/2025	30/09/2025
2025M09	20	2025-09	BABY WIPES	30	23972	289443,81	8	12507	123287,84	6549,34	22	11465	166155,97	521,1363636	1563,375	-2280,893333	24499,13947	-285,1116667	Incremental negativo	14	40.908,00	2.805,61	R$ 448.364,01	14	40.908,00	2.805,61	R$ 448.364,01	R$ 92.993,48	0	0,00	0,00	R$ 0,00		2.922,00	22.428,00	R$ 250.860,97	1.602,00	Incremental positivo	05/08/2025	30/09/2025
2025M09	21	2025-09	BABY WIPES	30	53988	1687195,19	8	42558	1221078,13	534351,06	22	11430	466117,06	519,5454545	5319,75	35482,16667	962064,8087	4435,270833	Incremental positivo	9	22.578,00	6.193,90	R$ 746.594,74	9	22.578,00	6.193,90	R$ 746.594,74	R$ 240.985,12	0	0,00	0,00	R$ 0,00		2.508,67	-15.492,00	-R$ 495.171,17	-1.721,33	Incremental negativo	05/08/2025	30/09/2025
2025M09	473	2025-09	BABY CARE - SUPERSEC	30	2696	126538,66	0	0	0	0	30	2696	126538,66	89,86666667					Sem promoção	15	47.524,00	9.008,43	R$ 1.448.389,41	15	47.524,00	9.008,43	R$ 1.448.389,41	R$ 514.908,69	0	0,00	0,00	R$ 0,00		3.168,27	39.664,00	R$ 1.210.590,59	2.644,27	Incremental positivo	05/08/2025	30/09/2025
2025M09	729	2025-09	CONFORT SEC	30	23509	1313712,79	0	0	0	0	30	23509	1313712,79	783,6333333					Sem promoção	18	41.061,00	9.878,48	R$ 2.087.552,63	18	41.061,00	9.878,48	R$ 2.087.552,63	R$ 386.253,06	0	0,00	0,00	R$ 0,00		2.281,17	36.849,00	R$ 1.863.672,23	2.047,17	Incremental positivo	05/08/2025	30/09/2025
2025M09	760	2025-09	PANTS AT	30	0	0	0	0	0	0	30	0	0	0					Sem promoção	7	41.136,00	5.739,03	R$ 1.639.469,35	7	41.136,00	5.739,03	R$ 1.639.469,35	R$ 441.112,00	0	0,00	0,00	R$ 0,00		5.876,57	36.320,00	R$ 1.436.849,42	5.188,57	Incremental positivo	10/09/2025	30/09/2025
2025M09	868	2025-09	PREMIUM CARE	30	6711	468043,82	0	0	0	0	30	6711	468043,82	223,7					Sem promoção	13	12.520,00	2.355,68	R$ 657.128,71	13	12.520,00	2.355,68	R$ 657.128,71	R$ 35.144,46	0	0,00	0,00	R$ 0,00		963,08	8.152,00	R$ 429.760,79	627,08	Incremental positivo	05/08/2025	30/09/2025
2025M09	873	2025-09	NEW BABY	30	3284	174007,56	0	0	0	0	30	3284	174007,56	109,4666667					Sem promoção	10	5.948,00	1.189,60	R$ 259.570,76	0	0,00	0,00	R$ 0,00	R$ 0,00	10	5.948,00	1.189,60	R$ 259.570,76	594,80					Sem promoção sell-in		
2025M09	876	2025-09	BABY CARE - SUPERSEC	30	2738	64039,04	10	867	23885,51	0	20	1871	40153,53	93,55	86,7	631,4615385	18068,89708	63,14615385	Incremental positivo	0	0,00	0,00	R$ 0,00	0	0,00	0,00	R$ 0,00	R$ 0,00	0	0,00	0,00	R$ 0,00						Sem promoção sell-in		
2025M09	935	2025-09	PANTS AT	30	31126	1410519,45	15	25290	1100959,61	494868,24	15	5836	309559,84	389,0666667	1686	21226,22449	886491,8784	1415,081633	Incremental positivo	4	-687,00	-150,17	-R$ 35.006,64	4	-687,00	-150,17	-R$ 35.006,64	R$ 568,58	0	0,00	0,00	R$ 0,00		-171,75	-687,00	-R$ 35.006,64	-171,75	Incremental negativo	05/08/2025	30/09/2025
2025M10	20	2025-10	BABY WIPES	31	20120	270986,22	3	4879	48819,92	19174,47	28	15241	222166,3	544,3214286	1626,333333	-666,46	11774,1573	-222,1533333	Incremental negativo	8	8.340,00	571,99	R$ 93.980,38	7	5.940,00	407,39	R$ 68.204,65	R$ 104.267,54	1	2.400,00	164,60	R$ 25.775,73	2.400,00	848,57	-3.300,00	-R$ 30.546,87	-471,43	Incremental negativo	02/10/2025	31/12/2025
2025M10	21	2025-10	BABY WIPES	31	44702	1510119,93	4	14400	442272,82	168866,03	27	30302	1067847,11	1122,296296	3600	10862,08333	312766,1593	2715,520833	Incremental positivo	16	138.564,00	38.012,72	R$ 4.490.187,11	15	138.024,00	37.864,58	R$ 4.472.836,55	R$ 113.535,98	1	540,00	148,14	R$ 17.350,56	540,00	9.201,60	74.574,00	R$ 2.403.226,70	4.971,60	Incremental positivo	02/10/2025	31/12/2025
2025M10	473	2025-10	BABY CARE - SUPERSEC	31	9056	410986,76	0	0	0	0	31	9056	410986,76	292,1290323					Sem promoção	16	42.516,00	8.570,96	R$ 1.366.441,80	15	41.684,00	8.413,45	R$ 1.342.434,00	R$ 137.623,04	1	832,00	157,51	R$ 24.007,80	832,00	2.778,93	33.824,00	R$ 1.104.635,18	2.254,93	Incremental positivo	02/10/2025	31/12/2025
2025M10	729	2025-10	CONFORT SEC	31	22935	1247330,3	5	10873	489659,44	192125,91	26	12062	757670,86	463,9230769	2174,6	7961,320463	323811,9066	1592,264093	Incremental positivo	18	24.146,00	5.678,95	R$ 1.257.228,04	17	23.878,00	5.631,87	R$ 1.243.747,29	R$ 112.627,73	1	268,00	47,08	R$ 13.480,75	268,00	1.404,59	19.900,00	R$ 1.032.304,69	1.170,59	Incremental positivo	02/10/2025	31/12/2025
2025M10	760	2025-10	PANTS AT	31	3170	165663,35	0	0	0	0	31	3170	165663,35	102,2580645					Sem promoção	24	207.612,00	30.259,18	R$ 8.359.136,36	23	211.100,00	30.710,77	R$ 8.513.613,57	R$ 435.115,38	1	-3.488,00	-451,58	-R$ 154.477,21	-3.488,00	9.178,26	195.276,00	R$ 7.847.862,36	8.490,26	Incremental positivo	02/10/2025	31/12/2025
2025M10	868	2025-10	PREMIUM CARE	31	6100	431334,48	0	0	0	0	31	6100	431334,48	196,7741935					Sem promoção	11	41.260,00	8.410,25	R$ 2.204.892,29	10	40.924,00	8.346,75	R$ 2.187.402,45	R$ 29.183,09	1	336,00	63,50	R$ 17.489,84	336,00	4.092,40	37.564,00	R$ 2.012.504,05	3.756,40	Incremental positivo	02/10/2025	31/12/2025
2025M10	873	2025-10	NEW BABY	31	2884	157982,69	0	0	0	0	31	2884	157982,69	93,03225806					Sem promoção	4	3.520,00	704,00	R$ 154.020,56	0	0,00	0,00	R$ 0,00	R$ 0,00	4	3.520,00	704,00	R$ 154.020,56	880,00					Sem promoção sell-in		
2025M10	876	2025-10	BABY CARE - SUPERSEC	31	1432	28858,31	0	0	0	0	31	1432	28858,31	46,19354839					Sem promoção	0	0,00	0,00	R$ 0,00	0	0,00	0,00	R$ 0,00	R$ 0,00	0	0,00	0,00	R$ 0,00						Sem promoção sell-in		
2025M10	935	2025-10	PANTS AT	31	7556	375200,16	6	2265	107573,97	42673,37	25	5291	267626,19	211,64	377,5	639,4897959	21786,87735	106,5816327	Incremental positivo	0	0,00	0,00	R$ 0,00	0	0,00	0,00	R$ 0,00	R$ 0,00	0	0,00	0,00	R$ 0,00						Sem promoção sell-in		
2025M11	20	2025-11	BABY WIPES	30	115532	309815,3699	0	0	0	0	30	115532	309815,3699	3851,066667					Sem promoção	10	196.008,00	13.442,88	R$ 2.128.583,86	10	196.008,00	13.442,88	R$ 2.128.583,86	R$ 104.267,54	0	0,00	0,00	R$ 0,00		19.600,80	182.808,00	R$ 1.987.510,26	18.280,80	Incremental positivo	02/10/2025	31/12/2025
2025M11	21	2025-11	BABY WIPES	30	132687	3521114,68	10	117444	2950282,691	1298106,48	20	15243	570831,9899	762,15	11744,4	108599,2083	2626516,039	10859,92083	Incremental positivo	10	70.302,00	19.286,18	R$ 2.404.405,98	10	70.302,00	19.286,18	R$ 2.404.405,98	R$ 113.535,98	0	0,00	0,00	R$ 0,00		7.030,20	28.002,00	R$ 1.024.666,08	2.800,20	Incremental positivo	02/10/2025	31/12/2025
2025M11	473	2025-11	BABY CARE - SUPERSEC	30	31309	1231897,1	7	10563	397483,81	 R$ 27.606,80 	23	20746	834413,29	902	1509	4403,39924	150535,4178	629,0570342	Incremental positivo	4	33.664,00	7.832,08	R$ 1.031.363,85	4	33.664,00	7.832,08	R$ 1.031.363,85	R$ 137.623,04	0	0,00	0,00	R$ 0,00		8.416,00	31.568,00	R$ 967.950,83	7.892,00	Incremental positivo	02/10/2025	31/12/2025
2025M11	729	2025-11	CONFORT SEC	30	28982	1508630,25	14	16405	840708,44	190440	16	12577	667921,81	786,0625	1171,785714	8252,297297	376335,3465	589,4498069	Incremental positivo	12	38.340,00	8.160,02	R$ 1.938.787,85	12	38.340,00	8.160,02	R$ 1.938.787,85	R$ 112.627,73	0	0,00	0,00	R$ 0,00		3.195,00	35.532,00	R$ 1.789.534,25	2.961,00	Incremental positivo	02/10/2025	31/12/2025
2025M11	760	2025-11	PANTS AT	30	170858	5211514,96	21	161237	4796399,92	1684200,62	9	9621	415115,04	1069	7677,952381	126868,9467	3363819,562	6041,378416	Incremental positivo	19	271.424,00	41.357,90	R$ 10.690.057,85	19	271.424,00	41.357,90	R$ 10.690.057,85	R$ 435.115,38	0	0,00	0,00	R$ 0,00		14.285,47	258.352,00	R$ 10.140.089,46	13.597,47	Incremental positivo	02/10/2025	31/12/2025
2025M11	868	2025-11	PREMIUM CARE	30	29082	1316322,22	7	23695	961015,7301	408102	23	5387	355306,49	234,2173913	3385	22000,30952	849409,2941	3142,901361	Incremental positivo	13	29.048,00	5.457,52	R$ 1.500.578,21	13	29.048,00	5.457,52	R$ 1.500.578,21	R$ 29.183,09	0	0,00	0,00	R$ 0,00		2.234,46	24.680,00	R$ 1.273.210,29	1.898,46	Incremental positivo	02/10/2025	31/12/2025
2025M11	873	2025-11	NEW BABY	30	4082	219286,5	0	0	0	0	30	4082	219286,5	136,0666667					Sem promoção	6	7.500,00	1.500,00	R$ 329.424,63	0	0,00	0,00	R$ 0,00	R$ 0,00	6	7.500,00	1.500,00	R$ 329.424,63	1.250,00					Sem promoção sell-in		
2025M11	876	2025-11	BABY CARE - SUPERSEC	30	405	8076,94	0	0	0	0	30	405	8076,94	13,5					Sem promoção	0	0,00	0,00	R$ 0,00	0	0,00	0,00	R$ 0,00	R$ 0,00	0	0,00	0,00	R$ 0,00						Sem promoção sell-in		
2025M11	935	2025-11	PANTS AT	30	5891	267231,34	0	0	0	0	30	5891	267231,34	196,3666667					Sem promoção	0	0,00	0,00	R$ 0,00	0	0,00	0,00	R$ 0,00	R$ 0,00	0	0,00	0,00	R$ 0,00						Sem promoção sell-in		
2025M12	20	2025-12	BABY WIPES	31	100099	342147,6599	0	0	0	0	31	100099	342147,6599	3229					Sem promoção	4	27.948,00	1.916,77	R$ 315.070,36	4	27.948,00	1.916,77	R$ 315.070,36	R$ 107.743,13	0	0,00	0,00	R$ 0,00		6.987,00	22.668,00	R$ 258.640,92	5.667,00	Incremental positivo	02/10/2025	31/12/2025
2025M12	21	2025-12	BABY WIPES	31	41656	1293415,47	6	18751	535304,9201	268379,35	25	22905	758110,5499	916,2	3125,166667	13444,125	341044,9291	2240,6875	Incremental positivo	4	7.551,00	2.071,49	R$ 241.326,88	4	7.551,00	2.071,49	R$ 241.326,88	R$ 117.320,51	0	0,00	0,00	R$ 0,00		1.887,75	-9.369,00	-R$ 310.569,08	-2.342,25	Incremental negativo	02/10/2025	31/12/2025
2025M12	473	2025-12	BABY CARE - SUPERSEC	31	35590	1422072,55	0	0	0	 R$ -   	31	35590	1422072,55	1148,064516					Sem promoção	7	22.464,00	4.565,65	R$ 712.637,85	7	22.464,00	4.565,65	R$ 712.637,85	R$ 142.210,47	0	0,00	0,00	R$ 0,00		3.209,14	18.796,00	R$ 601.665,07	2.685,14	Incremental positivo	02/10/2025	31/12/2025
2025M12	729	2025-12	CONFORT SEC	31	24484	1180811,77	6	7657	343916,46	144785,24	25	16827	836895,31	673,08	1276,166667	4162,984556	144899,4199	693,8307593	Incremental positivo	6	6.452,00	1.607,76	R$ 335.205,82	6	6.452,00	1.607,76	R$ 335.205,82	R$ 116.381,99	0	0,00	0,00	R$ 0,00		1.075,33	5.048,00	R$ 260.579,02	841,33	Incremental positivo	02/10/2025	31/12/2025
2025M12	760	2025-12	PANTS AT	31	62445	2455520,33	6	31941	1142411,9	537669,76	25	30504	1313108,43	1220,16	5323,5	22121,55621	733103,2268	3686,926036	Incremental positivo	12	33.544,00	4.924,86	R$ 1.368.436,23	12	33.544,00	4.924,86	R$ 1.368.436,23	R$ 449.619,23	0	0,00	0,00	R$ 0,00		2.795,33	25.288,00	R$ 1.021.087,77	2.107,33	Incremental positivo	02/10/2025	31/12/2025
2025M12	868	2025-12	PREMIUM CARE	31	9731	585374,67	0	0	0	0	31	9731	585374,67	313,9032258					Sem promoção	9	8.084,00	1.423,79	R$ 426.772,99	9	8.084,00	1.423,79	R$ 426.772,99	R$ 30.155,86	0	0,00	0,00	R$ 0,00		898,22	5.060,00	R$ 269.364,43	562,22	Incremental positivo	02/10/2025	31/12/2025
2025M12	873	2025-12	NEW BABY	31	4093	220000,95	0	0	0	0	31	4093	220000,95	132,0322581					Sem promoção	5	4.160,00	832,00	R$ 180.125,66	0	0,00	0,00	R$ 0,00	R$ 0,00	5	4.160,00	832,00	R$ 180.125,66	832,00					Sem promoção sell-in		
2025M12	876	2025-12	BABY CARE - SUPERSEC	31	240	4715,26	0	0	0	0	31	240	4715,26	7,741935484					Sem promoção	0	0,00	0,00	R$ 0,00	0	0,00	0,00	R$ 0,00	R$ 0,00	0	0,00	0,00	R$ 0,00						Sem promoção sell-in		
2025M12	935	2025-12	PANTS AT	31	2726	131623,62	0	0	0	0	31	2726	131623,62	87,93548387					Sem promoção	0	0,00	0,00	R$ 0,00	0	0,00	0,00	R$ 0,00	R$ 0,00	0	0,00	0,00	R$ 0,00						Sem promoção sell-in		
2026M01	20	2026-01	BABY WIPES	31	85400	336694,14	0	0	0	0	31	85400	336694,14	2754,83871					Sem promoção	4	1.920,00	131,68	R$ 20.066,25	4	1.920,00	131,68	R$ 20.066,25	R$ 4.067,26	0	0,00	0,00	R$ 0,00		480,00	-3.360,00	-R$ 36.363,19	-840,00	Incremental negativo	01/01/2026	31/01/2026
2026M01	21	2026-01	BABY WIPES	31	38921	1319288,45	3	7182	215804,5701	84747,6	28	31739	1103483,88	1133,535714	2394	4528,5625	118674,5746	1509,520833	Incremental positivo	10	24.480,00	6.715,68	R$ 820.249,37	10	24.480,00	6.715,68	R$ 820.249,37	R$ 122.947,50	0	0,00	0,00	R$ 0,00		2.448,00	-17.820,00	-R$ 559.490,53	-1.782,00	Incremental negativo	01/01/2026	31/01/2026
2026M01	473	2026-01	BABY CARE - SUPERSEC	31	24968	1048798,6	0	0	0	 R$ -   	31	24968	1048798,6	805,4193548					Sem promoção	16	21.684,00	4.372,25	R$ 690.286,56	16	21.684,00	4.372,25	R$ 690.286,56	R$ 143.854,26	0	0,00	0,00	R$ 0,00		1.355,25	13.300,00	R$ 436.634,48	831,25	Incremental positivo	01/01/2026	31/01/2026
2026M01	729	2026-01	CONFORT SEC	31	6702	451344,1	0	0	0	0	31	6702	451344,1	216,1935484					Sem promoção	17	34.260,00	8.518,75	R$ 1.743.972,01	17	34.260,00	8.518,75	R$ 1.743.972,01	R$ 262.687,15	0	0,00	0,00	R$ 0,00		2.015,29	30.282,00	R$ 1.532.529,41	1.781,29	Incremental positivo	01/01/2026	31/01/2026
2026M01	760	2026-01	PANTS AT	31	41887	1750212,1	3	22275	758348,9801	349717,5	28	19612	991863,12	700,4285714	7425	17365,27811	553694,6434	5788,426036	Incremental positivo	19	94.712,00	14.261,55	R$ 3.783.510,58	19	94.712,00	14.261,55	R$ 3.783.510,58	R$ 291.858,00	0	0,00	0,00	R$ 0,00		4.984,84	81.640,00	R$ 3.233.542,19	4.296,84	Incremental positivo	01/01/2026	31/01/2026
2026M01	868	2026-01	PREMIUM CARE	31	7066	479242,75	0	0	0	0	31	7066	479242,75	227,9354839					Sem promoção	9	7.840,00	1.617,70	R$ 421.963,36	9	7.840,00	1.617,70	R$ 421.963,36	R$ 18.553,30	0	0,00	0,00	R$ 0,00		871,11	4.816,00	R$ 264.554,80	535,11	Incremental positivo	01/01/2026	31/01/2026
2026M01	873	2026-01	NEW BABY	31	3305	181014,94	0	0	0	0	31	3305	181014,94	106,6129032					Sem promoção	11	6.620,00	1.324,00	R$ 287.292,60	0	0,00	0,00	R$ 0,00	R$ 0,00	11	6.620,00	1.324,00	R$ 287.292,60	601,82					Sem promoção sell-in		
2026M01	876	2026-01	BABY CARE - SUPERSEC	31	130	2595,41	0	0	0	0	31	130	2595,41	4,193548387					Sem promoção	0	0,00	0,00	R$ 0,00	0	0,00	0,00	R$ 0,00	R$ 0,00	0	0,00	0,00	R$ 0,00						Sem promoção sell-in		
2026M01	935	2026-01	PANTS AT	31	1373	66502,43	0	0	0	0	31	1373	66502,43	44,29032258					Sem promoção	0	0,00	0,00	R$ 0,00	0	0,00	0,00	R$ 0,00	R$ 0,00	0	0,00	0,00	R$ 0,00						Sem promoção sell-in		
2026M02	20	2026-02	BABY WIPES	28	171733	452797,5099	6	100562	220647,2399	382135,6	22	71171	232150,27	3235,045455	16760,33333	89471,08	146555,7145	14911,84667	Incremental positivo	5	3.120,00	213,98	R$ 33.483,74	5	3.120,00	213,98	R$ 33.483,74	R$ 22.957,12	0	0,00	0,00	R$ 0,00		624,00	-3.480,00	-R$ 37.053,06	-696,00	Incremental negativo	02/02/2026	31/03/2026
2026M02	21	2026-02	BABY WIPES	28	63212	1925972,14	6	39022	1053919,54	538503,6	22	24190	872052,6	1099,545455	6503,666667	33715,125	859659,549	5619,1875	Incremental positivo	11	125.985,00	34.561,89	R$ 4.104.506,78	11	125.985,00	34.561,89	R$ 4.104.506,78	R$ 338.684,79	0	0,00	0,00	R$ 0,00		11.453,18	79.455,00	R$ 2.586.792,89	7.223,18	Incremental positivo	02/02/2026	31/03/2026
2026M02	473	2026-02	BABY CARE - SUPERSEC	28	32027	1248677,26	6	12224	452249,2701	 R$ 45.217,70 	22	19803	796427,99	900,1363636	2037,333333	6944,342205	240579,2196	1157,390368	Incremental positivo	13	29.944,00	6.023,05	R$ 967.504,45	13	29.944,00	6.023,05	R$ 967.504,45	R$ 175.741,26	0	0,00	0,00	R$ 0,00		2.303,38	23.132,00	R$ 761.412,14	1.779,38	Incremental positivo	02/02/2026	31/03/2026
2026M02	729	2026-02	CONFORT SEC	28	31257	1495813,39	6	14727	662712,98	242946	22	16530	833100,4101	751,3636364	2454,5	11232,98456	463695,9399	1872,164093	Incremental positivo	13	34.382,00	7.954,60	R$ 1.771.395,63	13	34.382,00	7.954,60	R$ 1.771.395,63	R$ 117.153,11	0	0,00	0,00	R$ 0,00		2.644,77	31.340,00	R$ 1.609.704,23	2.410,77	Incremental positivo	02/02/2026	31/03/2026
2026M02	760	2026-02	PANTS AT	28	122899	4502308,37	6	63601	2162258,13	947386,7	22	59298	2340050,24	2695,363636	10600,16667	53781,55621	1752949,457	8963,592702	Incremental positivo	14	175.304,00	26.872,48	R$ 6.934.977,63	14	175.304,00	26.872,48	R$ 6.934.977,63	R$ 329.303,17	0	0,00	0,00	R$ 0,00		12.521,71	165.672,00	R$ 6.529.737,76	11.833,71	Incremental positivo	02/02/2026	31/03/2026
2026M02	868	2026-02	PREMIUM CARE	28	16600	807176,97	6	12432	523552,28	230613,6	22	4168	283624,69	189,4545455	2072	10979,40816	427889,6206	1829,901361	Incremental positivo	8	17.000,00	3.171,31	R$ 900.546,12	8	17.000,00	3.171,31	R$ 900.546,12	R$ 39.636,08	0	0,00	0,00	R$ 0,00		2.125,00	14.312,00	R$ 760.627,40	1.789,00	Incremental positivo	02/02/2026	31/03/2026
2026M02	873	2026-02	NEW BABY	28	3987	220434	0	0	0	0	28	3987	220434	142,3928571					Sem promoção	5	3.240,00	648,00	R$ 136.096,53	0	0,00	0,00	R$ 0,00	R$ 0,00	5	3.240,00	648,00	R$ 136.096,53	648,00					Sem promoção sell-in		
2026M02	876	2026-02	BABY CARE - SUPERSEC	28	75	1498,5	0	0	0	0	28	75	1498,5	2,678571429					Sem promoção	0	0,00	0,00	R$ 0,00	0	0,00	0,00	R$ 0,00	R$ 0,00	0	0,00	0,00	R$ 0,00						Sem promoção sell-in		
2026M02	935	2026-02	PANTS AT	28	911	42171,4	0	0	0	0	28	911	42171,4	32,53571429					Sem promoção	0	0,00	0,00	R$ 0,00	0	0,00	0,00	R$ 0,00	R$ 0,00	0	0,00	0,00	R$ 0,00						Sem promoção sell-in		
2026M03	20	2026-03	BABY WIPES	31	93192	519971,56	0	0	0	0	31	93192	519971,56	3006,193548					Sem promoção	8	32.520,00	2.230,33	R$ 359.009,46	8	32.520,00	2.230,33	R$ 359.009,46	R$ 26.358,17	0	0,00	0,00	R$ 0,00		4.065,00	21.960,00	R$ 246.150,58	2.745,00	Incremental positivo	02/02/2026	31/03/2026
2026M03	21	2026-03	BABY WIPES	31	31961	1107931,54	13	7303	309687,83	26175,12	18	24658	798243,7099	1369,888889	561,7692308	-4195,229167	-111208,8172	-322,7099359	Incremental negativo	8	47.595,00	13.056,90	R$ 1.592.097,73	8	47.595,00	13.056,90	R$ 1.592.097,73	R$ 388.860,31	0	0,00	0,00	R$ 0,00		5.949,38	13.755,00	R$ 488.305,81	1.719,38	Incremental positivo	02/02/2026	31/03/2026
2026M03	473	2026-03	BABY CARE - SUPERSEC	31	69164	2603708,77	13	25156	978118,89	 R$ 152.709,21 	18	44008	1625589,88	2444,888889	1935,076923	13716,74144	519500,4473	1055,133957	Incremental positivo	16	54.208,00	11.006,58	R$ 1.750.614,99	16	54.208,00	11.006,58	R$ 1.750.614,99	R$ 201.777,01	0	0,00	0,00	R$ 0,00		3.388,00	45.824,00	R$ 1.496.962,91	2.864,00	Incremental positivo	02/02/2026	31/03/2026
2026M03	729	2026-03	CONFORT SEC	31	22047	1202412,49	13	4423	305486,14	3581,74	18	17624	896926,3501	979,1111111	340,2307692	-3147,366795	-125717,4468	-242,1051381	Incremental negativo	11	17.168,00	4.234,93	R$ 896.653,52	11	17.168,00	4.234,93	R$ 896.653,52	R$ 134.509,13	0	0,00	0,00	R$ 0,00		1.560,73	14.594,00	R$ 759.837,72	1.326,73	Incremental positivo	02/02/2026	31/03/2026
2026M03	760	2026-03	PANTS AT	31	77852	3185469,07	13	16085	823673,61	141177,54	18	61767	2361795,46	3431,5	1237,307692	-5190,461538	-63161,84925	-399,2662722	Incremental negativo	16	85.212,00	12.668,92	R$ 3.388.124,39	16	85.212,00	12.668,92	R$ 3.388.124,39	R$ 378.088,83	0	0,00	0,00	R$ 0,00		5.325,75	74.204,00	R$ 2.924.993,11	4.637,75	Incremental positivo	02/02/2026	31/03/2026
2026M03	868	2026-03	PREMIUM CARE	31	11671	666010,12	13	3232	218712,34	39780,55	18	8439	447297,78	468,8333333	248,6153846	84,71768707	11443,24466	6,51674516	Incremental positivo	16	17.984,00	3.318,94	R$ 945.820,18	16	17.984,00	3.318,94	R$ 945.820,18	R$ 45.508,09	0	0,00	0,00	R$ 0,00		1.124,00	12.608,00	R$ 665.982,74	788,00	Incremental positivo	02/02/2026	31/03/2026
2026M03	873	2026-03	NEW BABY	31	5187	287340,59	0	0	0	0	31	5187	287340,59	167,3225806					Sem promoção	9	7.040,00	1.408,00	R$ 311.448,75	0	0,00	0,00	R$ 0,00	R$ 0,00	9	7.040,00	1.408,00	R$ 311.448,75	782,22					Sem promoção sell-in		
2026M03	876	2026-03	BABY CARE - SUPERSEC	31	44	879,12	0	0	0	0	31	44	879,12	1,419354839					Sem promoção	0	0,00	0,00	R$ 0,00	0	0,00	0,00	R$ 0,00	R$ 0,00	0	0,00	0,00	R$ 0,00						Sem promoção sell-in		
2026M03	935	2026-03	PANTS AT	31	636	30355,87	0	0	0	0	31	636	30355,87	20,51612903					Sem promoção	0	0,00	0,00	R$ 0,00	0	0,00	0,00	R$ 0,00	R$ 0,00	0	0,00	0,00	R$ 0,00						Sem promoção sell-in		
2026M04	20	2026-04	BABY WIPES	30	70073	699770,3798	0	0	0	0	30	70073	699770,3798	2335,766667					Sem promoção	1	240,00	16,46	R$ 2.438,99	0	0,00	0,00	R$ 0,00	R$ 0,00	1	240,00	16,46	R$ 2.438,99	240,00					Sem promoção sell-in		
2026M04	21	2026-04	BABY WIPES	30	30831	1137609,16	17	17937	672220,99	140218,41	13	12894	465388,17	991,8461538	1055,117647	2900,854167	121817,6822	170,6384804	Incremental positivo	13	56.280,00	15.439,48	R$ 1.865.060,40	12	48.360,00	13.266,76	R$ 1.606.462,98	R$ 7.188,13	1	7.920,00	2.172,72	R$ 258.597,42	7.920,00	4.030,00	-2.400,00	-R$ 49.224,90	-200,00	Incremental negativo	02/04/2026	30/06/2026
2026M04	473	2026-04	BABY CARE - SUPERSEC	30	41184	1699940,16	0	0	0	 R$ -   	30	41184	1699940,16	1372,8					Sem promoção	19	33.076,00	6.794,34	R$ 1.078.439,24	18	32.860,00	6.743,95	R$ 1.070.740,53	R$ 186.902,03	1	216,00	50,38	R$ 7.698,71	216,00	1.825,56	23.428,00	R$ 785.381,94	1.301,56	Incremental positivo	02/04/2026	30/06/2026
2026M04	729	2026-04	CONFORT SEC	30	16410	958485,6401	7	4893	275522,55	50870,79	23	11517	682963,0901	500,7391304	699	816,6486486	43336,00324	116,6640927	Incremental positivo	16	25.638,00	6.312,38	R$ 1.329.512,55	15	25.438,00	6.274,58	R$ 1.318.117,70	R$ 49.866,97	1	200,00	37,80	R$ 11.394,85	200,00	1.695,87	21.928,00	R$ 1.131.550,70	1.461,87	Incremental positivo	02/04/2026	30/06/2026
2026M04	760	2026-04	PANTS AT	30	48546	2300586,07	17	28641	1335120,53	252363,42	13	19905	965465,54	1531,153846	1684,764706	819,2426036	175412,6218	48,19074139	Incremental positivo	11	21.512,00	3.375,98	R$ 902.433,94	10	16.648,00	2.639,67	R$ 690.065,32	R$ 14.471,64	1	4.864,00	736,31	R$ 212.368,62	4.864,00	1.664,80	9.768,00	R$ 400.608,27	976,80	Incremental positivo	02/04/2026	30/06/2026
2026M04	868	2026-04	PREMIUM CARE	30	6785	461724,64	0	0	0	0	30	6785	461724,64	226,1666667					Sem promoção	12	11.860,00	1.923,47	R$ 618.578,96	12	11.860,00	1.923,47	R$ 618.578,96	R$ 2.199,57	0	0,00	0,00	R$ 0,00		988,33	7.828,00	R$ 408.700,88	652,33	Incremental positivo	02/04/2026	30/06/2026
2026M04	873	2026-04	NEW BABY	30	4239	235386,98	0	0	0	0	30	4239	235386,98	141,3					Sem promoção	0	0,00	0,00	R$ 0,00	0	0,00	0,00	R$ 0,00	R$ 0,00	0	0,00	0,00	R$ 0,00						Sem promoção sell-in		
2026M04	876	2026-04	BABY CARE - SUPERSEC	30	34	583,39	0	0	0	0	30	34	583,39	1,133333333					Sem promoção	0	0,00	0,00	R$ 0,00	0	0,00	0,00	R$ 0,00	R$ 0,00	0	0,00	0,00	R$ 0,00						Sem promoção sell-in		
2026M04	935	2026-04	PANTS AT	30	361	17865	0	0	0	0	30	361	17865	12,03333333					Sem promoção	0	0,00	0,00	R$ 0,00	0	0,00	0,00	R$ 0,00	R$ 0,00	0	0,00	0,00	R$ 0,00						Sem promoção sell-in		
2026M05	20	2026-05	BABY WIPES	31	57672	576105,7601	0	0	0	0	31	57672	576105,7601	1860,387097					Sem promoção	0	0,00	0,00	R$ 0,00	0	0,00	0,00	R$ 0,00	R$ 0,00	0	0,00	0,00	R$ 0,00						Sem promoção sell-in		
2026M05	21	2026-05	BABY WIPES	31	30984	1189984,87	20	16970	693338,38	64671,22	11	14014	496646,4901	1274	848,5	-719,5833333	45805,07667	-35,97916667	Incremental negativo	2	3.660,00	1.004,06	R$ 124.048,60	2	3.660,00	1.004,06	R$ 124.048,60	R$ 7.683,87	0	0,00	0,00	R$ 0,00		1.830,00	-4.800,00	-R$ 151.899,38	-2.400,00	Incremental negativo	02/04/2026	30/06/2026
2026M05	473	2026-05	BABY CARE - SUPERSEC	31	33991	1458259,74	13	14223	622126,27	 R$ 16.769,50 	18	19768	836133,4699	1098,222222	1094,076923	2783,741445	163507,8273	214,1339573	Incremental positivo	12	95.888,00	19.689,20	R$ 3.110.946,98	12	95.888,00	19.689,20	R$ 3.110.946,98	R$ 199.791,82	0	0,00	0,00	R$ 0,00		7.990,67	89.600,00	R$ 2.920.707,92	7.466,67	Incremental positivo	02/04/2026	30/06/2026
2026M05	729	2026-05	CONFORT SEC	31	21067	1168847,5	20	11802	673290,36	113743,83	11	9265	495557,14	842,2727273	590,1	155,2818533	9900,226386	7,764092664	Incremental positivo	10	15.870,00	4.115,73	R$ 830.441,20	10	15.870,00	4.115,73	R$ 830.441,20	R$ 53.306,07	0	0,00	0,00	R$ 0,00		1.587,00	13.530,00	R$ 706.063,20	1.353,00	Incremental positivo	02/04/2026	30/06/2026
2026M05	760	2026-05	PANTS AT	31	66592	2938816,23	20	37572	1706886,07	383046,45	11	29020	1231930,16	2638,181818	1878,6	4840,52071	342523,8251	242,0260355	Incremental positivo	2	44,00	5,25	R$ 1.937,96	2	44,00	5,25	R$ 1.937,96	R$ 15.469,69	0	0,00	0,00	R$ 0,00		22,00	-1.332,00	-R$ 55.953,45	-666,00	Incremental negativo	02/04/2026	30/06/2026
2026M05	868	2026-05	PREMIUM CARE	31	7303	500050,96	13	3041	211587,91	31621,71	18	4262	288463,05	236,7777778	233,9230769	-106,2823129	4318,81466	-8,175562533	Incremental negativo	5	-1.896,00	-320,62	-R$ 85.407,86	5	-1.896,00	-320,62	-R$ 85.407,86	R$ 2.351,26	0	0,00	0,00	R$ 0,00		-379,20	-3.576,00	-R$ 172.857,06	-715,20	Incremental negativo	02/04/2026	30/06/2026
2026M05	873	2026-05	NEW BABY	31	4734	260472,07	0	0	0	0	31	4734	260472,07	152,7096774					Sem promoção	6	2.500,00	500,00	R$ 113.148,91	0	0,00	0,00	R$ 0,00	R$ 0,00	6	2.500,00	500,00	R$ 113.148,91	416,67					Sem promoção sell-in		
2026M05	876	2026-05	BABY CARE - SUPERSEC	31	12	203,84	0	0	0	0	31	12	203,84	0,387096774					Sem promoção	0	0,00	0,00	R$ 0,00	0	0,00	0,00	R$ 0,00	R$ 0,00	0	0,00	0,00	R$ 0,00						Sem promoção sell-in		
2026M05	935	2026-05	PANTS AT	31	320	15097,25	20	209	9704,42	3203,14	11	111	5392,83	10,09090909	10,45	-5209,367347	-276252,5555	-260,4683673	Incremental negativo	0	0,00	0,00	R$ 0,00	0	0,00	0,00	R$ 0,00	R$ 0,00	0	0,00	0,00	R$ 0,00						Sem promoção sell-in		
2026M06	20	2026-06	BABY WIPES	30	35760	355465,7402	9	6797	67741,3	0	21	28963	287724,4402	1379,190476	755,2222222	-9839,38	-43395,9881	-1093,264444	Incremental negativo	0	0,00	0,00	R$ 0,00	0	0,00	0,00	R$ 0,00	R$ 0,00	0	0,00	0,00	R$ 0,00						Sem promoção sell-in		
2026M06	21	2026-06	BABY WIPES	30	19349	826141,1801	9	4342	194288,61	0	21	15007	631852,5701	714,6190476	482,4444444	-3618,3125	-97101,3765	-402,0347222	Incremental negativo	3	534,00	146,49	R$ 17.168,15	3	534,00	146,49	R$ 17.168,15	R$ 7.436,00	0	0,00	0,00	R$ 0,00		178,00	-12.156,00	-R$ 396.753,82	-4.052,00	Incremental negativo	02/04/2026	30/06/2026
2026M06	473	2026-06	BABY CARE - SUPERSEC	30	44445	1756726,34	9	10094	445063,52	 R$ -   	21	34351	1311662,82	1635,761905	1121,555556	2174,513308	127558,4443	241,6125898	Incremental positivo	9	21.936,00	4.343,83	R$ 721.965,18	9	21.936,00	4.343,83	R$ 721.965,18	R$ 193.346,92	0	0,00	0,00	R$ 0,00		2.437,33	17.220,00	R$ 579.285,89	1.913,33	Incremental positivo	02/04/2026	30/06/2026
2026M06	729	2026-06	CONFORT SEC	30	15825	941384,99	9	2417	168737,26	0	21	13408	772647,73	638,4761905	268,5555556	-2824,023166	-129788,3001	-313,7803518	Incremental negativo	11	11.092,00	2.535,23	R$ 598.060,05	11	11.092,00	2.535,23	R$ 598.060,05	R$ 51.586,52	0	0,00	0,00	R$ 0,00		1.008,36	8.518,00	R$ 461.244,25	774,36	Incremental positivo	02/04/2026	30/06/2026
2026M06	760	2026-06	PANTS AT	30	60760	2556058,81	9	7455	397074,14	0	21	53305	2158984,67	2538,333333	828,3333333	-7274,16568	-216888,8702	-808,2406312	Incremental negativo	11	12.348,00	2.006,41	R$ 511.329,99	11	12.348,00	2.006,41	R$ 511.329,99	R$ 14.970,67	0	0,00	0,00	R$ 0,00		1.122,55	4.780,00	R$ 192.927,23	434,55	Incremental positivo	02/04/2026	30/06/2026
2026M06	868	2026-06	PREMIUM CARE	30	6491	451425,44	9	1904	131834,15	0	21	4587	319591,29	218,4285714	211,5555556	-274,8877551	-11659,83908	-30,5430839	Incremental negativo	9	2.720,00	415,29	R$ 145.469,61	9	2.720,00	415,29	R$ 145.469,61	R$ 2.275,41	0	0,00	0,00	R$ 0,00		302,22	-304,00	-R$ 11.938,95	-33,78	Incremental negativo	02/04/2026	30/06/2026
2026M06	873	2026-06	NEW BABY	30	4037	221748,6	9	977	54036,22	0	21	3060	167712,38	145,7142857	108,5555556	-218,2331288	-10625,13804	-24,24812543	Incremental negativo	9	8.336,00	1.667,20	R$ 358.407,08	0	0,00	0,00	R$ 0,00	R$ 0,00	9	8.336,00	1.667,20	R$ 358.407,08	926,22					Sem promoção sell-in		
2026M06	876	2026-06	BABY CARE - SUPERSEC	30	21	373,64	0	0	0	0	30	21	373,64	0,7					Sem promoção	0	0,00	0,00	R$ 0,00	0	0,00	0,00	R$ 0,00	R$ 0,00	0	0,00	0,00	R$ 0,00						Sem promoção sell-in		
2026M06	935	2026-06	PANTS AT	30	246	11170,67	0	0	0	0	30	246	11170,67	8,2					Sem promoção	0	0,00	0,00	R$ 0,00	0	0,00	0,00	R$ 0,00	R$ 0,00	0	0,00	0,00	R$ 0,00						Sem promoção sell-in		
